{
 "cells": [
  {
   "cell_type": "code",
   "execution_count": 12,
   "metadata": {},
   "outputs": [],
   "source": [
    "import pandas as pd"
   ]
  },
  {
   "cell_type": "code",
   "execution_count": 17,
   "metadata": {},
   "outputs": [],
   "source": [
    "disease = pd.read_csv('..//data/clean_df.csv',index_col=0)"
   ]
  },
  {
   "cell_type": "code",
   "execution_count": 18,
   "metadata": {
    "scrolled": true
   },
   "outputs": [
    {
     "data": {
      "text/html": [
       "<div>\n",
       "<style scoped>\n",
       "    .dataframe tbody tr th:only-of-type {\n",
       "        vertical-align: middle;\n",
       "    }\n",
       "\n",
       "    .dataframe tbody tr th {\n",
       "        vertical-align: top;\n",
       "    }\n",
       "\n",
       "    .dataframe thead th {\n",
       "        text-align: right;\n",
       "    }\n",
       "</style>\n",
       "<table border=\"1\" class=\"dataframe\">\n",
       "  <thead>\n",
       "    <tr style=\"text-align: right;\">\n",
       "      <th></th>\n",
       "      <th>age</th>\n",
       "      <th>sex</th>\n",
       "      <th>dh</th>\n",
       "      <th>rbp</th>\n",
       "      <th>c</th>\n",
       "      <th>seizures</th>\n",
       "      <th>vc</th>\n",
       "      <th>ga</th>\n",
       "      <th>bt0</th>\n",
       "      <th>fc</th>\n",
       "      <th>exposed_to</th>\n",
       "      <th>fever</th>\n",
       "      <th>cholera</th>\n",
       "    </tr>\n",
       "  </thead>\n",
       "  <tbody>\n",
       "    <tr>\n",
       "      <th>0</th>\n",
       "      <td>63</td>\n",
       "      <td>Male</td>\n",
       "      <td>3</td>\n",
       "      <td>145</td>\n",
       "      <td>233.0</td>\n",
       "      <td>1</td>\n",
       "      <td>0</td>\n",
       "      <td>150</td>\n",
       "      <td>0</td>\n",
       "      <td>0</td>\n",
       "      <td>0.0</td>\n",
       "      <td>0</td>\n",
       "      <td>1</td>\n",
       "    </tr>\n",
       "    <tr>\n",
       "      <th>1</th>\n",
       "      <td>37</td>\n",
       "      <td>Male</td>\n",
       "      <td>2</td>\n",
       "      <td>130</td>\n",
       "      <td>250.0</td>\n",
       "      <td>0</td>\n",
       "      <td>1</td>\n",
       "      <td>187</td>\n",
       "      <td>0</td>\n",
       "      <td>0</td>\n",
       "      <td>0.0</td>\n",
       "      <td>0</td>\n",
       "      <td>1</td>\n",
       "    </tr>\n",
       "    <tr>\n",
       "      <th>2</th>\n",
       "      <td>41</td>\n",
       "      <td>Female</td>\n",
       "      <td>1</td>\n",
       "      <td>130</td>\n",
       "      <td>204.0</td>\n",
       "      <td>0</td>\n",
       "      <td>0</td>\n",
       "      <td>172</td>\n",
       "      <td>0</td>\n",
       "      <td>2</td>\n",
       "      <td>0.0</td>\n",
       "      <td>0</td>\n",
       "      <td>1</td>\n",
       "    </tr>\n",
       "    <tr>\n",
       "      <th>3</th>\n",
       "      <td>56</td>\n",
       "      <td>Male</td>\n",
       "      <td>1</td>\n",
       "      <td>120</td>\n",
       "      <td>236.0</td>\n",
       "      <td>0</td>\n",
       "      <td>1</td>\n",
       "      <td>178</td>\n",
       "      <td>0</td>\n",
       "      <td>2</td>\n",
       "      <td>0.0</td>\n",
       "      <td>0</td>\n",
       "      <td>1</td>\n",
       "    </tr>\n",
       "    <tr>\n",
       "      <th>4</th>\n",
       "      <td>57</td>\n",
       "      <td>Female</td>\n",
       "      <td>0</td>\n",
       "      <td>120</td>\n",
       "      <td>354.0</td>\n",
       "      <td>0</td>\n",
       "      <td>1</td>\n",
       "      <td>163</td>\n",
       "      <td>1</td>\n",
       "      <td>2</td>\n",
       "      <td>0.0</td>\n",
       "      <td>0</td>\n",
       "      <td>1</td>\n",
       "    </tr>\n",
       "  </tbody>\n",
       "</table>\n",
       "</div>"
      ],
      "text/plain": [
       "   age     sex  dh  rbp      c  seizures  vc   ga  bt0  fc  exposed_to  fever  \\\n",
       "0   63    Male   3  145  233.0         1   0  150    0   0         0.0      0   \n",
       "1   37    Male   2  130  250.0         0   1  187    0   0         0.0      0   \n",
       "2   41  Female   1  130  204.0         0   0  172    0   2         0.0      0   \n",
       "3   56    Male   1  120  236.0         0   1  178    0   2         0.0      0   \n",
       "4   57  Female   0  120  354.0         0   1  163    1   2         0.0      0   \n",
       "\n",
       "   cholera  \n",
       "0        1  \n",
       "1        1  \n",
       "2        1  \n",
       "3        1  \n",
       "4        1  "
      ]
     },
     "execution_count": 18,
     "metadata": {},
     "output_type": "execute_result"
    }
   ],
   "source": [
    "disease.head()"
   ]
  },
  {
   "cell_type": "code",
   "execution_count": 29,
   "metadata": {},
   "outputs": [
    {
     "data": {
      "text/html": [
       "<div>\n",
       "<style scoped>\n",
       "    .dataframe tbody tr th:only-of-type {\n",
       "        vertical-align: middle;\n",
       "    }\n",
       "\n",
       "    .dataframe tbody tr th {\n",
       "        vertical-align: top;\n",
       "    }\n",
       "\n",
       "    .dataframe thead th {\n",
       "        text-align: right;\n",
       "    }\n",
       "</style>\n",
       "<table border=\"1\" class=\"dataframe\">\n",
       "  <thead>\n",
       "    <tr style=\"text-align: right;\">\n",
       "      <th></th>\n",
       "      <th>age</th>\n",
       "      <th>dh</th>\n",
       "      <th>rbp</th>\n",
       "      <th>c</th>\n",
       "      <th>seizures</th>\n",
       "      <th>vc</th>\n",
       "      <th>ga</th>\n",
       "      <th>bt0</th>\n",
       "      <th>fc</th>\n",
       "      <th>exposed_to</th>\n",
       "      <th>fever</th>\n",
       "      <th>cholera</th>\n",
       "    </tr>\n",
       "  </thead>\n",
       "  <tbody>\n",
       "    <tr>\n",
       "      <th>age</th>\n",
       "      <td>1.000000</td>\n",
       "      <td>-0.044250</td>\n",
       "      <td>0.288548</td>\n",
       "      <td>0.197710</td>\n",
       "      <td>0.115090</td>\n",
       "      <td>-0.114431</td>\n",
       "      <td>-0.337616</td>\n",
       "      <td>0.077033</td>\n",
       "      <td>-0.149863</td>\n",
       "      <td>0.334956</td>\n",
       "      <td>0.043139</td>\n",
       "      <td>-0.198234</td>\n",
       "    </tr>\n",
       "    <tr>\n",
       "      <th>dh</th>\n",
       "      <td>-0.044250</td>\n",
       "      <td>1.000000</td>\n",
       "      <td>0.047608</td>\n",
       "      <td>-0.077718</td>\n",
       "      <td>0.094444</td>\n",
       "      <td>0.044421</td>\n",
       "      <td>0.295762</td>\n",
       "      <td>-0.394280</td>\n",
       "      <td>0.119717</td>\n",
       "      <td>-0.225282</td>\n",
       "      <td>-0.036946</td>\n",
       "      <td>0.433798</td>\n",
       "    </tr>\n",
       "    <tr>\n",
       "      <th>rbp</th>\n",
       "      <td>0.288548</td>\n",
       "      <td>0.047608</td>\n",
       "      <td>1.000000</td>\n",
       "      <td>0.129687</td>\n",
       "      <td>0.177531</td>\n",
       "      <td>-0.114103</td>\n",
       "      <td>-0.046698</td>\n",
       "      <td>0.067616</td>\n",
       "      <td>-0.121475</td>\n",
       "      <td>0.102836</td>\n",
       "      <td>0.015718</td>\n",
       "      <td>-0.144931</td>\n",
       "    </tr>\n",
       "    <tr>\n",
       "      <th>c</th>\n",
       "      <td>0.197710</td>\n",
       "      <td>-0.077718</td>\n",
       "      <td>0.129687</td>\n",
       "      <td>1.000000</td>\n",
       "      <td>0.018558</td>\n",
       "      <td>-0.155998</td>\n",
       "      <td>-0.012734</td>\n",
       "      <td>0.073702</td>\n",
       "      <td>-0.010243</td>\n",
       "      <td>0.129914</td>\n",
       "      <td>0.009372</td>\n",
       "      <td>-0.092688</td>\n",
       "    </tr>\n",
       "    <tr>\n",
       "      <th>seizures</th>\n",
       "      <td>0.115090</td>\n",
       "      <td>0.094444</td>\n",
       "      <td>0.177531</td>\n",
       "      <td>0.018558</td>\n",
       "      <td>1.000000</td>\n",
       "      <td>-0.084189</td>\n",
       "      <td>-0.008567</td>\n",
       "      <td>0.025665</td>\n",
       "      <td>-0.059894</td>\n",
       "      <td>0.144643</td>\n",
       "      <td>-0.034043</td>\n",
       "      <td>-0.028046</td>\n",
       "    </tr>\n",
       "    <tr>\n",
       "      <th>vc</th>\n",
       "      <td>-0.114431</td>\n",
       "      <td>0.044421</td>\n",
       "      <td>-0.114103</td>\n",
       "      <td>-0.155998</td>\n",
       "      <td>-0.084189</td>\n",
       "      <td>1.000000</td>\n",
       "      <td>0.044123</td>\n",
       "      <td>-0.070733</td>\n",
       "      <td>0.093045</td>\n",
       "      <td>-0.110566</td>\n",
       "      <td>-0.081989</td>\n",
       "      <td>0.137230</td>\n",
       "    </tr>\n",
       "    <tr>\n",
       "      <th>ga</th>\n",
       "      <td>-0.337616</td>\n",
       "      <td>0.295762</td>\n",
       "      <td>-0.046698</td>\n",
       "      <td>-0.012734</td>\n",
       "      <td>-0.008567</td>\n",
       "      <td>0.044123</td>\n",
       "      <td>1.000000</td>\n",
       "      <td>-0.378812</td>\n",
       "      <td>0.386784</td>\n",
       "      <td>-0.263376</td>\n",
       "      <td>0.061858</td>\n",
       "      <td>0.421741</td>\n",
       "    </tr>\n",
       "    <tr>\n",
       "      <th>bt0</th>\n",
       "      <td>0.077033</td>\n",
       "      <td>-0.394280</td>\n",
       "      <td>0.067616</td>\n",
       "      <td>0.073702</td>\n",
       "      <td>0.025665</td>\n",
       "      <td>-0.070733</td>\n",
       "      <td>-0.378812</td>\n",
       "      <td>1.000000</td>\n",
       "      <td>-0.257748</td>\n",
       "      <td>0.144129</td>\n",
       "      <td>-0.056785</td>\n",
       "      <td>-0.436757</td>\n",
       "    </tr>\n",
       "    <tr>\n",
       "      <th>fc</th>\n",
       "      <td>-0.149863</td>\n",
       "      <td>0.119717</td>\n",
       "      <td>-0.121475</td>\n",
       "      <td>-0.010243</td>\n",
       "      <td>-0.059894</td>\n",
       "      <td>0.093045</td>\n",
       "      <td>0.386784</td>\n",
       "      <td>-0.257748</td>\n",
       "      <td>1.000000</td>\n",
       "      <td>-0.108032</td>\n",
       "      <td>-0.119161</td>\n",
       "      <td>0.345877</td>\n",
       "    </tr>\n",
       "    <tr>\n",
       "      <th>exposed_to</th>\n",
       "      <td>0.334956</td>\n",
       "      <td>-0.225282</td>\n",
       "      <td>0.102836</td>\n",
       "      <td>0.129914</td>\n",
       "      <td>0.144643</td>\n",
       "      <td>-0.110566</td>\n",
       "      <td>-0.263376</td>\n",
       "      <td>0.144129</td>\n",
       "      <td>-0.108032</td>\n",
       "      <td>1.000000</td>\n",
       "      <td>0.072447</td>\n",
       "      <td>-0.464357</td>\n",
       "    </tr>\n",
       "    <tr>\n",
       "      <th>fever</th>\n",
       "      <td>0.043139</td>\n",
       "      <td>-0.036946</td>\n",
       "      <td>0.015718</td>\n",
       "      <td>0.009372</td>\n",
       "      <td>-0.034043</td>\n",
       "      <td>-0.081989</td>\n",
       "      <td>0.061858</td>\n",
       "      <td>-0.056785</td>\n",
       "      <td>-0.119161</td>\n",
       "      <td>0.072447</td>\n",
       "      <td>1.000000</td>\n",
       "      <td>-0.089132</td>\n",
       "    </tr>\n",
       "    <tr>\n",
       "      <th>cholera</th>\n",
       "      <td>-0.198234</td>\n",
       "      <td>0.433798</td>\n",
       "      <td>-0.144931</td>\n",
       "      <td>-0.092688</td>\n",
       "      <td>-0.028046</td>\n",
       "      <td>0.137230</td>\n",
       "      <td>0.421741</td>\n",
       "      <td>-0.436757</td>\n",
       "      <td>0.345877</td>\n",
       "      <td>-0.464357</td>\n",
       "      <td>-0.089132</td>\n",
       "      <td>1.000000</td>\n",
       "    </tr>\n",
       "  </tbody>\n",
       "</table>\n",
       "</div>"
      ],
      "text/plain": [
       "                 age        dh       rbp         c  seizures        vc  \\\n",
       "age         1.000000 -0.044250  0.288548  0.197710  0.115090 -0.114431   \n",
       "dh         -0.044250  1.000000  0.047608 -0.077718  0.094444  0.044421   \n",
       "rbp         0.288548  0.047608  1.000000  0.129687  0.177531 -0.114103   \n",
       "c           0.197710 -0.077718  0.129687  1.000000  0.018558 -0.155998   \n",
       "seizures    0.115090  0.094444  0.177531  0.018558  1.000000 -0.084189   \n",
       "vc         -0.114431  0.044421 -0.114103 -0.155998 -0.084189  1.000000   \n",
       "ga         -0.337616  0.295762 -0.046698 -0.012734 -0.008567  0.044123   \n",
       "bt0         0.077033 -0.394280  0.067616  0.073702  0.025665 -0.070733   \n",
       "fc         -0.149863  0.119717 -0.121475 -0.010243 -0.059894  0.093045   \n",
       "exposed_to  0.334956 -0.225282  0.102836  0.129914  0.144643 -0.110566   \n",
       "fever       0.043139 -0.036946  0.015718  0.009372 -0.034043 -0.081989   \n",
       "cholera    -0.198234  0.433798 -0.144931 -0.092688 -0.028046  0.137230   \n",
       "\n",
       "                  ga       bt0        fc  exposed_to     fever   cholera  \n",
       "age        -0.337616  0.077033 -0.149863    0.334956  0.043139 -0.198234  \n",
       "dh          0.295762 -0.394280  0.119717   -0.225282 -0.036946  0.433798  \n",
       "rbp        -0.046698  0.067616 -0.121475    0.102836  0.015718 -0.144931  \n",
       "c          -0.012734  0.073702 -0.010243    0.129914  0.009372 -0.092688  \n",
       "seizures   -0.008567  0.025665 -0.059894    0.144643 -0.034043 -0.028046  \n",
       "vc          0.044123 -0.070733  0.093045   -0.110566 -0.081989  0.137230  \n",
       "ga          1.000000 -0.378812  0.386784   -0.263376  0.061858  0.421741  \n",
       "bt0        -0.378812  1.000000 -0.257748    0.144129 -0.056785 -0.436757  \n",
       "fc          0.386784 -0.257748  1.000000   -0.108032 -0.119161  0.345877  \n",
       "exposed_to -0.263376  0.144129 -0.108032    1.000000  0.072447 -0.464357  \n",
       "fever       0.061858 -0.056785 -0.119161    0.072447  1.000000 -0.089132  \n",
       "cholera     0.421741 -0.436757  0.345877   -0.464357 -0.089132  1.000000  "
      ]
     },
     "execution_count": 29,
     "metadata": {},
     "output_type": "execute_result"
    }
   ],
   "source": [
    "disease.corr()"
   ]
  },
  {
   "cell_type": "markdown",
   "metadata": {},
   "source": [
    "According to our data, there is a correlation of 0.43 between cholera and dehidratation, which is significant enough to take into consideration but we might need more analysis to get a conclusion. For this reason, we try the linear regression test."
   ]
  },
  {
   "cell_type": "code",
   "execution_count": null,
   "metadata": {},
   "outputs": [],
   "source": []
  },
  {
   "cell_type": "code",
   "execution_count": 23,
   "metadata": {
    "scrolled": true
   },
   "outputs": [
    {
     "name": "stderr",
     "output_type": "stream",
     "text": [
      "C:\\Users\\jaume\\Anaconda3\\lib\\site-packages\\numpy\\core\\fromnumeric.py:2389: FutureWarning: Method .ptp is deprecated and will be removed in a future version. Use numpy.ptp instead.\n",
      "  return ptp(axis=axis, out=out, **kwargs)\n"
     ]
    },
    {
     "name": "stdout",
     "output_type": "stream",
     "text": [
      "                            OLS Regression Results                            \n",
      "==============================================================================\n",
      "Dep. Variable:                     dh   R-squared:                       0.188\n",
      "Model:                            OLS   Adj. R-squared:                  0.185\n",
      "Method:                 Least Squares   F-statistic:                     69.77\n",
      "Date:                Fri, 22 Nov 2019   Prob (F-statistic):           2.47e-15\n",
      "Time:                        15:19:27   Log-Likelihood:                -407.41\n",
      "No. Observations:                 303   AIC:                             818.8\n",
      "Df Residuals:                     301   BIC:                             826.3\n",
      "Df Model:                           1                                         \n",
      "Covariance Type:            nonrobust                                         \n",
      "==============================================================================\n",
      "                 coef    std err          t      P>|t|      [0.025      0.975]\n",
      "------------------------------------------------------------------------------\n",
      "const          0.4783      0.079      6.032      0.000       0.322       0.634\n",
      "cholera        0.8975      0.107      8.353      0.000       0.686       1.109\n",
      "==============================================================================\n",
      "Omnibus:                       16.922   Durbin-Watson:                   2.065\n",
      "Prob(Omnibus):                  0.000   Jarque-Bera (JB):               18.802\n",
      "Skew:                           0.607   Prob(JB):                     8.27e-05\n",
      "Kurtosis:                       2.880   Cond. No.                         2.74\n",
      "==============================================================================\n",
      "\n",
      "Warnings:\n",
      "[1] Standard Errors assume that the covariance matrix of the errors is correctly specified.\n"
     ]
    }
   ],
   "source": [
    "import statsmodels.api as sm\n",
    "X = sm.add_constant(disease['cholera'])\n",
    "model = sm.OLS(disease['dh'],X)\n",
    "results = model.fit()\n",
    "print(results.summary())"
   ]
  },
  {
   "cell_type": "markdown",
   "metadata": {},
   "source": [
    "Intially it seems difficult to say that cholera causes dehidratation because our test gives us a very low R-squared. This means, that although the coefficients of the constant and cholera might indiciate that there is a relation between them both, and the P value of cholera is very low as well. The low value of R-squared means that this test is not significant enough to make this conclusion."
   ]
  },
  {
   "cell_type": "code",
   "execution_count": 28,
   "metadata": {},
   "outputs": [
    {
     "name": "stdout",
     "output_type": "stream",
     "text": [
      "                            OLS Regression Results                            \n",
      "==============================================================================\n",
      "Dep. Variable:                     dh   R-squared:                       0.219\n",
      "Model:                            OLS   Adj. R-squared:                  0.209\n",
      "Method:                 Least Squares   F-statistic:                     20.90\n",
      "Date:                Fri, 22 Nov 2019   Prob (F-statistic):           3.34e-15\n",
      "Time:                        15:37:17   Log-Likelihood:                -401.53\n",
      "No. Observations:                 303   AIC:                             813.1\n",
      "Df Residuals:                     298   BIC:                             831.6\n",
      "Df Model:                           4                                         \n",
      "Covariance Type:            nonrobust                                         \n",
      "==============================================================================\n",
      "                 coef    std err          t      P>|t|      [0.025      0.975]\n",
      "------------------------------------------------------------------------------\n",
      "const         -0.4182      0.363     -1.151      0.250      -1.133       0.297\n",
      "cholera        0.8171      0.120      6.826      0.000       0.582       1.053\n",
      "ga             0.0071      0.003      2.681      0.008       0.002       0.012\n",
      "fc            -0.1202      0.095     -1.260      0.209      -0.308       0.068\n",
      "seizures       0.2972      0.149      2.000      0.046       0.005       0.590\n",
      "==============================================================================\n",
      "Omnibus:                       17.769   Durbin-Watson:                   2.124\n",
      "Prob(Omnibus):                  0.000   Jarque-Bera (JB):               19.867\n",
      "Skew:                           0.625   Prob(JB):                     4.85e-05\n",
      "Kurtosis:                       2.904   Cond. No.                     1.05e+03\n",
      "==============================================================================\n",
      "\n",
      "Warnings:\n",
      "[1] Standard Errors assume that the covariance matrix of the errors is correctly specified.\n",
      "[2] The condition number is large, 1.05e+03. This might indicate that there are\n",
      "strong multicollinearity or other numerical problems.\n"
     ]
    }
   ],
   "source": [
    "Z = sm.add_constant(disease[['cholera','ga','fc','seizures']])\n",
    "model = sm.OLS(disease.dh,Z)\n",
    "results = model.fit()\n",
    "print(results.summary())"
   ]
  },
  {
   "cell_type": "markdown",
   "metadata": {},
   "source": [
    "By adding other variables, we get a similar result. Having cholera a higher coefficient than other variables and a P value of 0 gives it a strong relationship with dehidratation. As the case before, the R-squared is low which does not give this model a very significant credibility."
   ]
  }
 ],
 "metadata": {
  "file_extension": ".py",
  "kernelspec": {
   "display_name": "Python 3",
   "language": "python",
   "name": "python3"
  },
  "language_info": {
   "codemirror_mode": {
    "name": "ipython",
    "version": 3
   },
   "file_extension": ".py",
   "mimetype": "text/x-python",
   "name": "python",
   "nbconvert_exporter": "python",
   "pygments_lexer": "ipython3",
   "version": "3.7.3"
  },
  "mimetype": "text/x-python",
  "name": "python",
  "npconvert_exporter": "python",
  "pygments_lexer": "ipython3",
  "version": 3
 },
 "nbformat": 4,
 "nbformat_minor": 2
}
